26
27
44
51
58
90
91
116
117
124
125
134
142
145
146
148
149
151
152
155
157
164
177
185
189
195
197
212
217
222
245
273
282
304
316
382
384
393
399
400
421
435
478
529
548
576
589
596
597
637
649
655
679
752
753
788
808
810
845
891
893
922
925
929
930
933
945
958
960
962
966
1025
1046
1126
1132
1138
1150
1155
1156
1161
1166
1172
1181
1185
1189
1198
1212
1213
1217
1227
1233
1242
1248
1258
1265
1266
1288
1303
1320
1323
1343
1345
1347
1350
1359
1367
1370
1376
1391
1400
1421
1432
1435
1450
1470
1480
1485
1507
1512
1516
1517
1590
1591
1603
1616
1619
1650
1662
1676
1684
1753
1806
1809
1812
1818
1829
1838
1847
1855
1859
1862
1871
1877
1900
1923
1935
1936
1941
1943
1945
1980
1981
1985
1998
2011
2033
2034
2075
2086
2099
2101
2144
2145
2162
2185
2212
2228
2229
2235
2249
2280
2290
2299
2312
2317
2322
2332
2334
2366
2387
2388
2390
2394
2422
2427
2430
2436
2445
2461
2462
2464
2481
2482
2488
2501
2505
2510
2511
2535
2564
2572
2577
2579
2581
2603
2612
2618
2619
2621
2622
2626
2635
2639
2642
2646
2655
2671
2672
2698
2719
2728
2731
2751
2754
2761
2770
2779
2782
2798
2803
2808
2815
2826
2829
2842
2867
2870
2872
2887
2925
2932
2974
2991
3003
3016
3029
3031
3032
3060
3066
3071
3081
3095
3097
3157
3158
3173
3201
3219
3220
3222
3228
3241
3250
3264
3270
3281
3309
3311
3317
3318
3323
3324
3325
3326
3327
3328
3329
3331
3333
3334
3335
3339
3364
3373
3380
3390
3392
3396
3435
3452
3457
3459
3460
3475
3476
3479
3480
3483
3487
3488
3490
3496
3498
3514
3518
3520
3524
3557
3558
3567
3590
3593
3594
3600
3605
3627
3628
3638
3642
3646
3647
3649
3671
3680
3718
3736
3737
3738
3748
3756
3758
3767
3791
3816
3819
3836
3839
3849
3855
3856
3863
3879
3881
3894
3909
3916
3917
3926
3937
3946
3954
3956
3980
3993
4009
4011
4015
4017
4025
4031
4093
4116
4123
4134
4139
4151
4159
4162
4163
4190
4199
4205
4220
4267
4272
4278
4280
4313
4314
4323
4333
4338
4339
4345
4358
4368
4406
4407
4409
4417
4418
4424
4425
4427
4432
4434
4439
4443
4445
4446
4447
4448
4449
4456
4457
4458
4459
4461
4470
4474
4477
4496
4515
4516
4531
4546
4548
4557
4560
4562
4564
4575
4594
4605
4656
4657
4678
4680
4714
4748
4763
4823
4837
4871
4890
4896
4912
4918
4919
4932
4943
4962
4965
4967
4974
4982
5041
5076
5087
5094
5099
5116
5121
5134
5139
5150
5164
5167
5180
5186
5221
5226
5229
5253
5272
5276
5290
5316
5323
5330
5336
5370
5377
5401
5403
5471
5494
5500
5521
5540
5543
5547
5554
5566
5567
5569
5575
5581
5592
5598
5626
5642
5646
5686
5688
5697
5698
5700
5709
5715
5754
5769
5772
5774
5783
5813
5821
5825
5826
5832
5863
5867
5879
5885
5890
5912
5920
5923
5931
5934
5938
5944
5945
5951
5955
5968
5995
6003
6008
6029
6030
6080
6081
6082
6083
6090
6099
6106
6114
6126
6176
6180
6201
6221
6230
6234
6265
6276
6294
6307
6310
6330
6401
6410
6416
6417
6421
6423
6424
6426
6427
6428
6430
6431
6434
6439
6442
6450
6455
6465
6466
6474
6499
6502
6507
6508
6511
6552
6570
6589
6615
6616
6673
6685
6692
6693
6695
6700
6723
6758
6809
6810
6811
6820
6829
6846
6847
6866
6874
6877
6896
6900
6928
6931
6932
6934
6935
6936
6940
6941
6942
6944
6946
6959
6968
6969
6975
6978
6986
6988
6989
7000
7001
7002
7005
7016
7019
7051
7057
7066
7067
7069
7081
7084
7085
7086
7088
7094
7096
7097
7098
7099
7112
7113
7119
7129
7132
7133
7135
7136
7137
7138
7139
7145
7146
7149
7150
7153
7154
7155
7159
7160
7161
7162
7163
7164
7169
7170
7172
7173
7174
7175
7176
7180
7181
7182
7183
7185
